13,16
2,200
1,72
3,63
13,15
13,14
3,46
40,4
40,3
40,2
40,1
40,0
39,5
39,4
39,3
39,2
39,1
39,0
38,6
38,5
38,4
38,3
38,2
38,1
38,0
37,4
37,3
37,2
37,1
37,0
36,3
36,2
36,1
36,0
35,3
35,2
35,1
35,0
34,5
34,4
34,3
34,2
34,1
34,0
33,4
33,3
33,2
33,1
33,0
32,3
32,2
32,1
32,0
31,4
31,3
31,2
31,1
31,0
30,8
30,7
30,6
30,5
30,4
30,3
30,2
30,1
30,0
29,5
29,4
29,3
29,2
29,1
29,0
28,3
28,2
28,1
28,0
27,4
27,3
27,2
27,1
27,0
26,4
26,3
26,2
26,1
26,0
25,4
25,3
25,2
25,1
25,0
24,6
24,5
24,4
24,3
24,2
24,1
24,0
23,5
23,4
23,3
23,2
23,1
23,0
22,6
22,5
22,4
22,3
22,2
22,1
22,0
21,4
21,3
21,2
21,1
21,0
20,7
20,6
20,5
20,4
20,3
20,2
20,1
20,0
19,10
19,9
19,8
19,7
19,6
19,5
19,4
19,3
19,2
19,1
19,0
18,5
18,4
18,3
18,2
18,1
18,0
17,4
17,3
17,2
17,1
17,0
16,3
16,2
16,1
16,0
15,4
15,3
15,2
15,1
15,0
14,4
14,3
14,2
14,1
14,0
13,13
13,12
13,11
13,10
13,9
13,8
13,7
13,6
13,5
13,4
13,3
13,2
13,1
13,0
12,4
12,3
12,2
12,1
12,0
11,9
11,8
11,7
11,6
11,5
11,4
11,3
11,2
11,1
11,0
10,4
10,3
10,2
10,1
10,0
9,4
9,3
9,2
9,1
9,0
8,3
8,2
8,1
8,0
5,23
5,22
5,21
5,20
5,19
5,18
5,17
5,16
5,15
5,14
5,13
5,12
5,11
5,10
5,9
5,8
5,7
5,6
5,5
5,4
5,2
5,3
5,0
4,3
3,2
2,2
1,2
7,3
0,57
0,56
0,52
0,51
0,9
0,2
40,5
41,0
41,2
41,3
41,5
42,0
42,2
42,4
42,5
43,1
43,2
43,4
43,6
44,0
44,2
44,3
44,5
45,0
45,2
45,4
46,0
46,2
46,3
47,0
47,2
47,3
47,5
48,0
48,2
48,3
48,5
49,0
49,1
49,3
49,4
49,6
50,1
50,2
50,4
50,5
51,0
51,1
51,3
52,0
52,1
52,3
52,4
53,0
53,2
53,3
54,1
54,2
54,4
55,1
55,2
55,4
55,5
56,0
56,1
56,3
57,1
57,2
57,4
57,5
58,0
58,2
58,3
59,1
59,2
59,4
60,0
60,2
60,4
61,0
61,2
61,3
61,5
61,7
61,8
62,0
62,1
62,3
62,4
62,6
63,1
63,2
63,4
63,5
64,0
64,2
64,3
64,5
65,0
65,2
65,4
66,0
66,2
66,3
67,0
67,1
67,3
68,0
68,1
68,3
68,4
69,1
69,3
70,0
70,2
70,3
70,5
70,6
71,0
71,2
71,3
71,5
72,0
72,2
72,4
72,5
73,1
73,2
73,4
74,0
74,2
75,0
75,1
75,3
75,4
76,1
76,3
76,4
76,6
76,7
76,9
77,0
77,2
77,4
77,5
78,0
78,1
78,3
79,0
79,1
79,3
79,4
80,1
80,3
81,0
81,2
81,3
82,0
82,1
82,3
83,0
83,1
83,3
83,4
84,1
84,3
84,4
85,1
85,2
85,4
86,0
86,2
86,4
86,5
87,1
87,2
87,4
88,0
88,1
88,3
88,4
89,1
89,2
89,4
90,1
90,2
90,4
91,0
91,2
91,4
91,5
91,7
92,0
92,2
92,4
92,5
92,7
93,0
93,2
93,3
94,0
94,2
94,3
94,5
95,0
95,2
95,4
95,5
96,0
96,1
96,3
96,4
96,6
97,1
97,2
97,4
98,0
98,2
98,4
99,0
99,2
99,3
100,0
100,1
100,3
100,5
101,0
101,2
101,3
101,5
102,1
102,2
102,4
103,0
103,2
103,3
103,5
103,7
103,8
104,1
104,2
105,0
105,2
105,3
105,5
105,6
106,1
106,3
106,4
106,6
107,0
107,2
107,3
108,0
108,2
108,3
108,5
109,0
109,2
109,4
110,0
110,2
110,3
110,5
110,6
110,8
110,9
110,7
110,4
110,1
109,3
109,1
108,4
108,1
107,4
107,1
106,5
106,2
106,0
105,4
105,1
104,3
104,0
103,6
103,4
103,1
102,3
102,0
101,4
101,1
100,4
100,2
99,4
99,1
98,3
98,1
97,3
97,0
96,5
96,2
95,6
95,3
95,1
94,4
94,1
93,4
93,1
92,6
92,3
92,1
91,6
91,3
91,1
90,3
90,0
89,3
89,0
88,2
87,5
87,3
87,0
86,3
86,1
85,3
85,0
84,2
84,0
83,2
82,4
82,2
81,4
81,1
80,2
80,0
79,2
78,4
78,2
77,6
77,3
77,1
76,8
76,5
76,2
76,0
75,2
74,3
74,1
73,3
73,0
72,3
72,1
71,4
71,1
70,7
70,4
70,1
69,2
69,0
68,2
67,4
67,2
66,4
66,1
65,3
65,1
64,4
64,1
63,6
63,3
63,0
62,5
62,2
61,9
61,6
61,4
61,1
60,3
60,1
59,3
59,0
58,1
57,6
57,3
57,0
56,2
55,6
55,3
55,0
54,3
54,0
53,1
52,5
52,2
51,4
51,2
50,6
50,3
50,0
49,5
49,2
48,6
48,4
48,1
47,4
47,1
46,4
46,1
45,3
45,1
44,4
44,1
43,5
43,3
43,0
42,3
42,1
41,4
41,1
0,58
0,54
1,45
3,44
2,44
1,44
3,43
2,43
1,43
3,42
2,42
1,42
3,41
2,41
1,41
3,40
2,40
1,40
3,39
2,39
1,39
3,38
2,38
1,38
3,37
2,37
1,37
3,36
2,36
1,36
3,35
2,35
1,35
3,34
2,34
1,34
3,33
2,33
1,33
3,32
2,32
1,32
3,31
2,31
1,31
3,30
2,30
1,30
3,29
2,29
1,29
3,28
2,28
1,28
3,27
2,27
1,27
3,26
2,26
1,26
3,25
2,25
1,25
3,24
2,24
1,24
3,23
2,23
1,23
3,22
2,22
1,22
3,21
2,21
1,21
3,20
2,20
1,20
3,19
2,19
1,19
3,18
2,18
1,18
3,17
2,17
1,17
3,16
2,16
1,16
3,15
2,15
1,15
3,14
2,14
1,14
3,13
2,13
1,13
3,12
2,12
1,12
3,11
2,11
1,11
3,10
2,10
1,10
3,9
2,9
1,9
3,8
2,8
1,8
3,7
2,7
1,7
3,6
2,6
1,6
3,5
2,5
1,5
3,4
2,4
1,4
3,3
3,0
2,3
2,0
1,3
1,0
0,6
0,0
0,47
0,46
0,49
0,48
0,45
0,55
0,12
0,50
0,10
0,8
0,53
0,11
0,5
0,7
0,4
0,3
